80 80 0.000008
00000000000000000000000000000000000000000000000000000000000000000000000000000000
00000000000000000000000000000000000000000000000000000000000000000000000000000000
00001111110000001111111111000001111111000000000000000000000000000000000000000000
00011111111000000111111111000000111111100000000000000000111000000000000000000000
00011111111100000001111110000000011111100000000000000111111110000000000000000000
00111111111110000000111100000000001111000000000000001111111110000000000011110000
00111111111111000000000000000000000000000000000000111111111111000000001111111000
00011111111111000000000000000000000000000000000001111111111111000000011111111100
00011111111111100000000000000000000000000000000001111111111111000000111111111100
00001111111111110000000001111111110000000001000001111111111111000000111111111100
00000011111111110000000001111111110000000011000001111111111111000000111111111100
00000011111111110000000011111111111000000110000000011111111110000000111111111100
00000010000011100000000011111111111000000100000000001111111110000000011111111000
00111110000000000000000001111111111000001000000000001111111110000000011111111000
00111110000000000000000000111111111111111000000000000000000010000000001111111000
00111110000000000000000000001111111111111000000011100000000011110000001111110000
00111111000000000001111000000010001111111000000111100000000111111000001111110000
00111111000000000011111000000000001111111000001111110000000111111100001111110000
00111111100000000011111100000000001111111000011111110000001111111111000110000000
00111111100000000011111100000000001111110000011111110000011111111111000000001100
00011111100000000011111110000000001111110000111111100000011111111111000000001100
00001111100001100011111111000000000011110001111111000000011111111111000000011100
00000111000001111111111111000000000000011111111111000000011111111111000001111100
00000110000011111111111111000000000000011111111111000000001111111111000001111100
00000000000011111111111111100000000000011111111111111000001111111110000001111100
00000000000011111111111111000000000000011111111111111110000011111110000000111100
00000000000111111111111111000000000000011111111111111111110000111100000000011100
00000000000111111100011110000000000000011000011111111111110000000000000000011100
00010000000111111100011100000000111000000000011111111111110000000000000000011100
00000100000001111100000000000001111100000000011111111111110000000111110000000000
00000110000000001100000000000001111110000000011111111111111000001111111111100000
00000111100000001111100000000001111111000000111111111111111000011111111111100000
00000111110000001111100000000011111111000000011111111111111000111111111111100000
00000111110000001111110000000011111111000000011111111111110000111111111111100000
00111111000000011111111000000001111111000000011111111111000001111111111111100000
00111110000000111111111000000001111110000000001111111111000001111111111111100000
00111110000001111111111000000001111000000000000000001111000001111111111111100000
00111110000001111111111000001111000000000000000000001111000001111111111111100000
00111111000011111111110011111111000000000000000000001111000001111111111111100000
00111110000001111111000001111111000000000000000000011111100000111111111111000000
00111110000001111110000001111111000000111111100000111111100000111111111110000000
00111000000000111100000001111110000001111111100000111111000000011111111110000000
00000000000000111100000001111110000001111111000000111111000000011111111110000000
00000000000000111100000001111110000001111111000000011110000000001111000010000000
00000000000000111111111110000010000001111111000000001110000000000000000011000000
00000000000001111111111100000000000001111110000000000000011111100000000011111100
00000000000011111111111100000001110001111110000000000000111111100000000011111100
00000000000011111111111000000001111111111110000000000000111111110000000111111100
00000000000011111111111000000011111111111110000000000000111111110000000111111100
00000000000001111111110000000111111000111100000100000000011111110000000111111100
00001100000001100000110000000111111000011000011111100000011111100000000111111100
00001110000000000000000000001111111000000000011111111000011111100000000111111100
00011111100000000000000000000111110000000000011111111100011110000000000111111100
00011111110000000000000000000111110000000000001111111111110000000000000000000000
00011111111000001000000000000000000000000000000111111111110000000000000000000000
00011111111000111100000000000000001110000000000011111111110000000000000000000000
00011111111111111110000000000000001111000000000001111111111000000000000010000000
00011111111111111110000000000000011111100000000000111111111000000000001111000000
00011111100001111110000000000000011111111000000000011111111000000000011111100000
00001111000001111110000000000000011111111110000000001111111000000000111111110000
00000000000001111111000000000000011111111110000000000011110000000001111111111000
00000000000001111111000000000000011111111110000000000000000000000001111111111100
00000000000001111111000000000000000111111100000000000000000000000001111111111100
00000000000000111111000000011000000011111000000000000000000000000011111111111100
00000000000000011111000000110000000000000000000000000000000000000011111111111100
00000000000000011110000001100000000000000000000000111111000000000001111111111100
00000000000000001110000000000000000000000000000001111111100000000000111111111000
00000000000000000000000000000000000000000000000001111111100000000000011111111000
00000000000000000000000000000000000000000010000001111111110000000000001111111100
00000001111110000000000000000000000000001111000001111111110000000000000000000000
00000001111111000000000000000000000000111111110001111111111000000000000000000000
00000011111111000000000000000011100000111111111000111111111000000000000000000000
00001111111111000000001000000111000001111111111000111111111100000000000000000000
00011111111111000000011111111110000001111111111000011111111100000000000000000000
00011111111110000000001111110000000001111111100000001111111100000000000000000000
00011111111110000000000111110000000001111100000000000111111000000000000000000000
00011111111100000000000111100000000001000000000000000111111000000000000000000000
00011111110000000000000110000000000000000000000000000011100000000000000000000000
00000000000000000000000000000000000000000000000000000000000000000000000000000000
00000000000000000000000000000000000000000000000000000000000000000000000000000000
