80 80 0.000008
00000000000100000010000010000000100100000010000000001000000000000000001000100000
00000000000000000000000000100000001000010000000000000001010000000000000011000000
00000000001010000000000000000000000000000010000000000000000000000000001000000100
00000000000000101000000000100001000000000000000000000000000000000001000001001000
01000000000000000000000001000000000000000000000000000000000000000000001000000000
00000000000000000000000000000000000000000000000000000000000000010000001000001000
00000000000000000100010001100000000000100000000010000000000000000001000000000010
00000000000000000000000000001000100001000000010000000000000000000010000000000010
01000000000000000000000100000000000001000001000010000000000000000000000000000000
00010000000000000000000000000000000000001000000000000000000000000000000000000010
00000000000000000100000010000000000000000100000000000000000000000110000000000000
00000000000000000100000000000000000000100000110000000000000001001010000000000000
10000000000000000100000100000000000000000000000000000000000000000000000000000000
00000000100000110100000010000000000000010000000100000000000000000010000000000000
00000000001000000000000000000000000000000000000001000010000000001100000000000000
00000000000000000000000000100000000000000000000000001000000000000000000000000000
00000000000000000000000000011000000000000000010000000000000000000000000000000100
00000000001000000000000000000000000000000100000000000101101000000000000000000000
00000000000000000000000000000000000000000000000000000100000000000000000000000000
00000000000000000000000000100000010000000001000000000000000000000000000000000000
00000000000100000000000000000100010000000100000000000001000000000000000000000000
00010000000010000000000000000000000000000000000000000000000000000000000101000000
00000000100000000000000000010000000000000000000000010000000000000000000000000000
00000000011000000000000000000000000100000000000000000000000000000000000000000000
00000100010000000000000000000000010000000000000000000000000000000000000000000000
01000000000000000000000000000010001000000000000000000000000000000000000000000010
00000000000000000000000000010001001000000000000000000000000000000000000000000010
01000000000000000000000000000000001010000010000000000000000100000000001010000000
00101000001000000000100010000001000000000000000000000000000000000000001001000000
00000000000000000010100000000000000000010000000000000000000000001000000000000000
00000001000000000000000000000000000000000100000000000000000010000000000000001100
00101000000000000000001010010110000000100000000000000000000000000000000000001000
01000000000000000000000001010000000000000000000000000000000010000000000000000000
00001000001000000000000100000000000000000000000000000000000000000000000000001000
00000000000000100000000010000010000000000000000000000000000000000000000000001010
00000000001000000000000000000010000001000000000000000000000000000000000000000010
00000000000010000000000000000000000000000100000000100000000000000000000000000000
00000000000000000000000000000000000000000011000010000000000010000000000000000100
10000000000000000000000000000000000010000001010000000000000000000000000000000101
00000000000100000000000100000000000000000000000000000000000001000000000000000000
00000000100000000000100000000000000000000000000000000000000000000000000000000000
00000000000000000000000000000000001010000000000010000000010000000000000000000001
00000000000000000000000000000000001000000000001000000000000000000000000000000000
00011000000000000000000000000001000000000000000000000000000000000000010000000000
00000000000000000000000000100000101010000000000000000000000000000100001000000000
01100000000000000000000000000000001000000000000000010000000000000010010100000000
00100000000000000000000001000000000000000000000010000000000000001001000000000000
00000000100000000000000000000100000000000001001000000000000000001010000000000001
01000000000000000000000000000000000000000000000000100000000000000000000000000001
00100001001000000000000000000000000010000000000000000000000000000000001000000000
00000000000010000010000100000000000000000000000000000000000000000000000000000000
00010000000010100010010000000000000000000000000000000000000000010000000000000000
00000000010000000000000000000000000000000001000000000000000001000000000000000000
00000000001000100010010000000000000000000000000000000000000001100000000000010000
00000000000100010000000000010000000000000000001000000000000010010000000000100000
00000000000000000000000000000000000000011000000000000000000000001000000000000100
00100000000000000000000000000000000000000101000100000000000000000000000000000100
00000000000000000000000000000000100000000000000000000000000000101000000000000000
10000000000110000000000010000000000000000000000100000000000000000000000000000000
10000000001010000000000000000000000000000000000000000000000010000000000000000000
00000000001000000000000100000000000000000000001010000000000000000000000000000000
00000000000000000000000100000000000000000000000100100101000001000000000000000001
10000000000000000000000000100010001000000000000000100000000000100000000000000000
00000000100000000000000000000000000000000001000000000000000001000000000000000000
01000000000000000000000100000001000000000000000010000000000000001000000000000000
00001000000010000000100000000000000000000000100101000000000000010000000000000000
00000000100100000000010000000000100001000001100010000000000001000000000000000001
00000000010000010000000000000100000000010000000110000000000000000000000000000000
00000100000110000100001000000010000000101000000000000000001100000000000000000000
00000100000001000000101011000000000100000000000100000000000010000000000000001100
10001010000000000000000000000000000100000000000000000000000101000000000000000000
00000000000000100000000000001000000000000000000000000000000000010100000000000001
00000000000000000000000000001000000000000000000000000000000000000000000000001000
00000000000000000000000000000000000000000000000000000000000000000000010100010000
00000000000000000000000000000000100000000000000000000000000000000000000010000000
00000000000000001000000000001000000000000010000100001000000000100000000000000000
00000000000000000000010000000000000000100000000000000000000000000000000000000000
00000000000000010000100000000000000000010000010000000000001000000000000000000000
00100000010000100000000000000000000000000000010000000010000000000010000000000000
01000000001000000000010000000010000000000000000100110000000000001000000000000000
