80 80 0.000008
00110000000000000010010000000000100000100000000010000000000100000000000001000000
10010100000010000100010000000100000010000000000000100010000100000000010010000000
00000000000000000000000000000000000000000000000000000000000000000000000000000000
00000000000001000000000000100101000000000000011000101010000000001000000010000100
00000000000000000000000000000000000000000000000001000000000000010100000000000000
00000000000000000000000001000000000000000110000000000000000000000000010100000000
00000000000000000000001000010000000001000000000000000000000000000000000000000000
00000000000000100100000000000000100000000000000100000000000000000001000000000010
00000000000000000000001000000000000000000001000000000000000000000000000000000000
00000000000000000000000010000000000000000000100000000000000000000001000000000000
10000000000000000000000000000000000000000100100000000000000000000000000000000000
00011000000000000000000000000000000000000001000000100000000001000000000000000000
10000000000000000000000000000000000000100010100000000000000000000000000000000000
10000000000001000000000000000000000000000000000000000000000001100000000000000000
10000000000000000010001001000000000000000010001000000000000100000000000000000000
00000000100010100100000000000000000000000000100000010000000000000000000000000001
00000000000100000000000100010000000000000000000000000000000000000010000000001100
00000000000000000000000100000000110000000000010000000001010000000000000000000000
00000000010010000000000000000000000000000010000000000000000000000000010000110100
00000000000100000000000000000000000000000001000000000001000000000000000000000000
00000000000000000000000000000000000000000000000000000000000000000000010000000000
00100000000000000000000000001000000000000000000000000001000000000000000000000000
00010000000000000000000000000100000100000000000000000000000000000000000000000000
10000000000000000000000000000001000010000000000000000000000000000000001000000000
00000000010000000000000000000000100000000000000000000000100000000001000100000000
00001000000000000000000000000000001010000000000000000000000100000000000000000011
00000000000000000000000000000000000001000000000000000000000000000000000000000000
00100010000000000001000000000000100000000000000000000000000000001000001001000000
00100001000000000000000000001000000000000000000000000000000000000000010010000000
00000000000000000000001000100000000000000000000000000000000101000000000000010000
00000000001000000000010000100000000000000000000000000000000000000000000000000000
00010000000000000000000000100000000000000000000000000000000000000000000000000001
00010000000000000000000000011000000000000010000000000000000000000000000000000000
00000000000000100000000000000100000000000000000000000000000000000000000000000000
00000000000000000000000010100010000000000000000000000000001000000000000000001000
00000000000010000000000100000000000000010000000000000000011000000000000000000010
00000000000000000000000000000100000000000000000000000000000000000000000000000001
00000000000000000000000000000000000000010000001000000000010100000000000000000000
00000000000000000000000000000000000000000000000000010000000000000000000000000010
00000000000000000000011000000000010000000000000010000000000000000000000000010000
00000000001000000000001110000000000001000000000000000000000000000000000000000000
00000000000000000000000100000000000000000000000000000000000000000000000000000000
00010000000000000000000000000000000000000000000000000000000000000000000000000000
00000000000000000010000000000001000000000000000000000001010010100000000000100000
00000001000000000000000000000000000000000000000000000000000000000000010000000000
00000000000000000000000000000001001000000000000000000100000000000101000000000000
00000001000000000000000000000000000010000000100000000000000000000000000000000000
00000100000000000000000000000000000000000000000000000000000000000000001000000000
00010000010000000000000000000000000000000000010010000000000000000000000000000001
10000001000000000000000000000000000000000010000000000000000000000000001000000000
00000001000000000000000000000000000001000010000000000000000000000000000000000000
00000000000000000000010000000000000000000000000000000000000000000000000000000000
10100000000010000000000010100000000000010010000000000000000000000000000000000000
00000000000000000000100000000000000000000001000000000000000000000000000000000010
00000000000000000100000000000000000000000100000000000000000000000000000000001000
00000000000000000000000010000000000000000000000000000000000000100000000000000100
00000000000000000001010000000000010000000000000000000000000000100000001000000101
00000000000000000000000000010000000000000000000000000000000000000000000000000010
01100000000000000000010000000001000000000000000000000000000100000100000000000000
00000000000000000000000000000000000000000000000000000000000010000000000000000001
00000011000000000000000000000000000000000000001000000000000100000000000000000000
00000000000000000000000000010000000000000000000000000000000100000000000000000000
00000000000000000000100000000101000000000010000000100000000000000000000000000000
00000000000001000000010000000001001000000000000000010000100000000000000000000010
10000000000000000000000000000000000000000000000000000000000100000000000000000000
10000000000000000000000010000001001001000000000000000000000100000000000000000000
00000000000000000000000000000000010000000000001000000000000000000000000000000000
00000001001000100000000000000001000000000000000000000000010000000000000000000010
00100000000000000000000000000000000000000000000000000000000010000000010000000001
00001000000000010100000001000000000001000000100010000000000011010000000000000000
00100010000000000000000000000000000000000000000010000000000000000000000000000000
10000000000000000001000010000000000000000000000000000000000001010000000010000000
00000000000000000000000000000000000100000000000000000000000000000001000000000000
00000000000000000000000000000000100100000000000100000000000000000000100000000000
00000000000000000000010000000000010000000000010100000000000000001000000000000000
01000000000000001000000000001000000000000000000000001000000010000100000000000000
00000000000000000100001000000000010010000000000000000000000010000000100001010010
00000000000100000000001000000000000010000000000000001000001000000000100000000000
00001000000000000100100000000000000100000000100000000010000000100010001001000000
00000001000000000010000000000001000001100000001000000001010001001000000010000000
