80 80 0.000008
11111111111111111111111111111111111111111111111111111111111111111111111111111111
11111111111111111111111111111111111111111111111111111111111111111111111111111111
11110000001111110000000000111110000000111111111111111111111111111111111111111111
11100000000111111000000000111111000000011111111111111111000111111111111111111111
11100000000011111110000001111111100000011111111111111000000001111111111111111111
11000000000001111111000011111111110000111111111111110000000001111111111100001111
11000000000000111111111111111111111111111111111111000000000000111111110000000111
11100000000000111111111111111111111111111111111110000000000000111111100000000011
11100000000000011111111111111111111111111111111110000000000000111111000000000011
11110000000000001111111110000000001111111110111110000000000000111111000000000011
11111100000000001111111110000000001111111100111110000000000000111111000000000011
11111100000000001111111100000000000111111001111111100000000001111111000000000011
11111101111100011111111100000000000111111011111111110000000001111111100000000111
11000001111111111111111110000000000111110111111111110000000001111111100000000111
11000001111111111111111111000000000000000111111111111111111101111111110000000111
11000001111111111111111111110000000000000111111100011111111100001111110000001111
11000000111111111110000111111101110000000111111000011111111000000111110000001111
11000000111111111100000111111111110000000111110000001111111000000011110000001111
11000000011111111100000011111111110000000111100000001111110000000000111001111111
11000000011111111100000011111111110000001111100000001111100000000000111111110011
11100000011111111100000001111111110000001111000000011111100000000000111111110011
11110000011110011100000000111111111100001110000000111111100000000000111111100011
11111000111110000000000000111111111111100000000000111111100000000000111110000011
11111001111100000000000000111111111111100000000000111111110000000000111110000011
11111111111100000000000000011111111111100000000000000111110000000001111110000011
11111111111100000000000000111111111111100000000000000001111100000001111111000011
11111111111000000000000000111111111111100000000000000000001111000011111111100011
11111111111000000011100001111111111111100111100000000000001111111111111111100011
11101111111000000011100011111111000111111111100000000000001111111111111111100011
11111011111110000011111111111110000011111111100000000000001111111000001111111111
11111001111111110011111111111110000001111111100000000000000111110000000000011111
11111000011111110000011111111110000000111111000000000000000111100000000000011111
11111000001111110000011111111100000000111111100000000000000111000000000000011111
11111000001111110000001111111100000000111111100000000000001111000000000000011111
11000000111111100000000111111110000000111111100000000000111110000000000000011111
11000001111111000000000111111110000001111111110000000000111110000000000000011111
11000001111110000000000111111110000111111111111111110000111110000000000000011111
11000001111110000000000111110000111111111111111111110000111110000000000000011111
11000000111100000000001100000000111111111111111111110000111110000000000000011111
11000001111110000000111110000000111111111111111111100000011111000000000000111111
11000001111110000001111110000000111111000000011111000000011111000000000001111111
11000111111111000011111110000001111110000000011111000000111111100000000001111111
11111111111111000011111110000001111110000000111111000000111111100000000001111111
11111111111111000011111110000001111110000000111111100001111111110000111101111111
11111111111111000000000001111101111110000000111111110001111111111111111100111111
11111111111110000000000011111111111110000001111111111111100000011111111100000011
11111111111100000000000011111110001110000001111111111111000000011111111100000011
11111111111100000000000111111110000000000001111111111111000000001111111000000011
11111111111100000000000111111100000000000001111111111111000000001111111000000011
11111111111110000000001111111000000111000011111011111111100000001111111000000011
11110011111110011111001111111000000111100111100000011111100000011111111000000011
11110001111111111111111111110000000111111111100000000111100000011111111000000011
11100000011111111111111111111000001111111111100000000011100001111111111000000011
11100000001111111111111111111000001111111111110000000000001111111111111111111111
11100000000111110111111111111111111111111111111000000000001111111111111111111111
11100000000111000011111111111111110001111111111100000000001111111111111111111111
11100000000000000001111111111111110000111111111110000000000111111111111101111111
11100000000000000001111111111111100000011111111111000000000111111111110000111111
11100000011110000001111111111111100000000111111111100000000111111111100000011111
11110000111110000001111111111111100000000001111111110000000111111111000000001111
11111111111110000000111111111111100000000001111111111100001111111110000000000111
11111111111110000000111111111111100000000001111111111111111111111110000000000011
11111111111110000000111111111111111000000011111111111111111111111110000000000011
11111111111111000000111111100111111100000111111111111111111111111100000000000011
11111111111111100000111111001111111111111111111111111111111111111100000000000011
11111111111111100001111110011111111111111111111111000000111111111110000000000011
11111111111111110001111111111111111111111111111110000000011111111111000000000111
11111111111111111111111111111111111111111111111110000000011111111111100000000111
11111111111111111111111111111111111111111101111110000000001111111111110000000011
11111110000001111111111111111111111111110000111110000000001111111111111111111111
11111110000000111111111111111111111111000000001110000000000111111111111111111111
11111100000000111111111111111100011111000000000111000000000111111111111111111111
11110000000000111111110111111000111110000000000111000000000011111111111111111111
11100000000000111111100000000001111110000000000111100000000011111111111111111111
11100000000001111111110000001111111110000000011111110000000011111111111111111111
11100000000001111111111000001111111110000011111111111000000111111111111111111111
11100000000011111111111000011111111110111111111111111000000111111111111111111111
11100000001111111111111001111111111111111111111111111100011111111111111111111111
11111111111111111111111111111111111111111111111111111111111111111111111111111111
11111111111111111111111111111111111111111111111111111111111111111111111111111111
