88 36 29 2.00e-07
1111101110000111100111000000000111111111111111111111111110000000001110011110000111011111
1110000000001111111100000000000011100111110000111110011100000000000011111111000000000111
1100000000011111111111111100110011100011111111111100011100110011111111111111100000000011
1100000000011111111111111110011011000001111111111000001101100111111111111111100000000011
1111000000011111111111111110011001000001111111111000001001100111111111111111100000001111
1111000000000011111111111111111111110011111111111100111111111111111111111100000000001111
1111000000001011111111111111111111110011111111111100111111111111111111111101000000001111
0011100000111111111111111111111111110011111111111100111111111111111111111111110000011100
0011000001111111111111111111000011110001111111111000111100001111111111111111111000001100
1111000001111110011111111111100011100011111111111100011100011111111111100111111000001111
1111000001111111111101111111110000001111111111111111000000111111111011111111111000001111
1101100001111111111001111111110000011111111111111111100000111111111001111111111000011011
1111100000111111111000111111110011111110001111000111111100111111110001111111110000011111
1111100001111111111000111111110001111101111111111011111000111111110001111111111000011111
0000000001111111111000000110111001101111111111111111011001110110000001111111111000000000
0000000001111111111001110000111001100111111111111110011001110000111001111111111000000000
1111111001111111110111111100111100000011111111111100000011110011111110111111111001111111
1111111101111111110111111111111110011000111111110001100111111111111110111111111011111111
0010001111111111100111111111011110011100111111110011100111101111111110011111111111000100
1111000111111111100011111110011110011101111111111011100111100111111100011111111110001111
1111000011111111111101110000001111111111100110011111111111000000111011111111111100001111
1111000111111111111100000001111111111111100110011111111111111000000011111111111110001111
1100001111111111111000000001111111111111100110011111111111111000000001111111111111000011
1100111111111111111001111100010011111111101111011111111100100011111001111111111111110011
1101111111111111110011111100000000111111111111111111110000000011111100111111111111111011
1111111111111111111111011100000001111011111111111101111000000011101111111111111111111111
1111111111111111111111111111011011111000111111110001111101101111111111111111111111111111
1111111111111111111111111111111111111111111111111111111111111111111111111111111111111111
1111111111111111111111111111111111111111111111111111111111111111111111111111111111111111
1111111111111111111111111111111111111111111111111111111111111111111111111111111111111111
1111111111111111111111111111111111111111111111111111111111111111111111111111111111111111
1111111111111111111111111111111111111111111111111111111111111111111111111111111111111111
1111111111111111111111111111111111111111111111111111111111111111111111111111111111111111
1111111111111111111111111111111111111111111111111111111111111111111111111111111111111111
1111111111111111111111111111111111111111111111111111111111111111111111111111111111111111
1111111111111111111111111111111111111111111111111111111111111111111111111111111111111111

1111100000000111110111110000000111111111000000001111111110000000111110111110000000011111
1100000000000111100000000000100011101111110110111111011100010000000000011110000000000011
0000000000000011100000000000110011000111111111111110001100110000000000011100000000000000
1100000000000100000011111100110000000000111111110000000000110011111100000010000000000011
1111000000000100000011111110000000000000111111110000000000000111111100000010000000001111
1111000000000101100111111111011001100011111111111100011001101111111110011010000000001111
1110000000011111111111111111011111100011111111111100011111101111111111111111100000000111
1110000000111111111111111111111111110011111111111100111111111111111111111111110000000111
0011000001111111111111111111111111100011111111111100011111111111111111111111111000001100
1111000001111111111111111111100011000011111111111100001100011111111111111111111000001111
1111000001111111111001111111110000011111111111111111100000111111111001111111111000001111
1111100001111111111001111111110000111111111111111111110000111111111001111111111000011111
1111100001111111111001111111110011111111000000001111111100111111111001111111111000011111
1111100001111111110100011111110001111111111111111111111000111111100010111111111000011111
0010000001111111110100000111111011101111111111111111011101111110000010111111111000000100
0000000001111111111001110000111111110111111111111110111111110000111001111111111000000000
0000000001111111111011111000111111111011111111111101111111110001111101111111111000000000
0000000001111111100111111110011110011000111111110001100111100111111110011111111000000000
0000000001111111100111111111011110011000111111110001100111101111111110011111111000000000
0000000011111111100111111110001110011111110110111111100111000111111110011111111100000000
0000000011111111111111111000011111111111110110111111111111100001111111111111111100000000
1100000111111111111000000000011111111111110000111111111111100000000001111111111110000011
1100011111111111011000000000111111111111100110011111111111110000000001101111111111100011
1100111111111111111001111111111111111111111111111111111111111111111001111111111111110011
1101111111111111110011111111000000111111111111111111110000001111111100111111111111111011
1111111111111111111110111100100000011111111111111111100000010011110111111111111111111111
1111111111111111111111111111111100010001111111111000100011111111111111111111111111111111
1111111111111111111111111111111111111000111111110001111111111111111111111111111111111111
1111111111111111111111111111111111110111111111111110111111111111111111111111111111111111
1111111111111111111111111111111111111111111111111111111111111111111111111111111111111111
1111111111111111111111111111111111111111111111111111111111111111111111111111111111111111
1111111111111111011111111111111111111111111111111111111111111111111111101111111111111111
1111111111111111111111111111111111111111111111111111111111111111111111111111111111111111
1111111111111111111111111111111111111111111111111111111111111111111111111111111111111111
1111111111111111111111111111111111111111111111111111111111111111111111111111111111111111
1111111111111111111111111111111111111111111111111111111111111111111111111111111111111111

1111110000000111100111000000000011111100000000000011111100000000001110011110000000111111
1100000000000111100000000000000011111100011111100011111100000000000000011110000000000011
0000000000000011100000000000110011001111111111111111001100110000000000011100000000000000
0000000000000000000000010000111000000111111111111110000001110000100000000000000000000000
1111000000000000000011111000000000000001111111111000000000000001111100000000000000001111
1111000000011110000111111100000001001100111111110011001000000011111110000111100000001111
1110000000111111110111111010000011100111111111111110011100000101111110111111110000000111
1110000001111111111111111011111111100011111111111100011111111101111111111111111000000111
1111000001111111110011111111111101000011111111111100001011111111111100111111111000001111
1111000001111111110001111111110000001111111111111111000000111111111000111111111000001111
1111000011111111110001111111100000011111111111111111100000011111111000111111111100001111
1111100001111111110001111111110011111111101111011111111100111111111000111111111000011111
0011000001111111110001111111111111111111100000011111111111111111111000111111111000001100
0001000001111111110100111111110111111111000000001111111110111111110010111111111000001000
0000000011111111111100001111111111111110001111000111111111111111000011111111111100000000
0000000001111111111100000000111111111111111111111111111111110000000011111111111000000000
0000000001111111111111111000111111111111111111111111111111110001111111111111111000000000
0000000001111111100111111100011100001101111111111011000011100011111110011111111000000000
0000000001111111100111111110001100001000111111110001000011000111111110011111111000000000
0000000001111111100111111100001110011111100110011111100111000011111110011111111000000000
0000000011111111111111111110011111111111110110111111111111100111111111111111111100000000
1100000111111111111000000110111111111111110000111111111111110110000001111111111110000011
1100001111111111111000000000111111111111100000011111111111110000000001111111111111000011
1100111111111111111001111111111111111111100000011111111111111111111001111111111111110011
1111111111111111111011111111111111111111111111111111111111111111111101111111111111111111
1111111111111111111111111111111000111111111111111111110001111111111111111111111111111111
1111111111111111111111111111111110011111111111111111100111111111111111111111111111111111
1111111111111111111111111111111111110000111111110000111111111111111111111111111111111111
1111111111111111111111111111111111110111111111111110111111111111111111111111111111111111
1111111111111111111111111111111111111111111111111111111111111111111111111111111111111111
1111111111111111111111111111111111111111111111111111111111111111111111111111111111111111
1111110111111110001111111111111111111111111111111111111111111111111111000111111110111111
1111111111111111111111111111111111111111111111111111111111111111111111111111111111111111
1111111111111111111111111111111111111111111111111111111111111111111111111111111111111111
1111111111111111111111111111111111111111111111111111111111111111111111111111111111111111
1111111111111111111111111111111111111111111111111111111111111111111111111111111111111111

1111111000000000000100000011111111111111100110011111111111111100000010000000000001111111
1100111000000000000000000001111111011110111111110111101111111000000000000000000001110011
0000000000000000000000000000110011111111111111111111111100110000000000000000000000000000
0000000000000000000000000000111000001111110110111111000001110000000000000000000000000000
1111100000000000000000000000000000001111001111001111000000000000000000000000000000011111
1111100000111011100011111000000001001100011111100011001000000001111100011101110000011111
1111000001111111110011111001000011001100111111110011001100001001111100111111111000001111
1100000001111111110011111001111001000001111111111000001001111001111100111111111000000011
0000000011111111110001111111111100000111111111111110000011111111111000111111111100000000
1111000011111111110001111111111110001111111111111111000111111111111000111111111100001111
1111000011111111110001111111100011011111111111111111101100011111111000111111111100001111
1111000011111111110001111111110111111111111001111111111110111111111000111111111100001111
1111000011111111111101111111110111111111110000111111111110111111111011111111111100001111
0011000011111111111110111111101111111111100000011111111111011111110111111111111100001100
0000000001111111111110001111011110111111000000001111110111101111000111111111111000000000
0000000011111111111110000000011110111111000000001111110111100000000111111111111100000000
0000000001111111111111100000011110001111000000001111000111100000011111111111111000000000
0000000011111111111111111000001110001111100000011111000111000001111111111111111100000000
0000000011111111111111111100000000001100100000010011000000000011111111111111111100000000
0000000011111111111111111100000110001101110000111011000110000011111111111111111100000000
0011100011111111111011111100011111111111111111111111111111100011111101111111111100011100
1111111111111111111100011110111111111111111111111111111111110111100011111111111111111111
1100111111111111111000000110111111111111101111011111111111110110000001111111111111110011
1100011111111111111000111111111111111111100110011111111111111111110001111111111111100011
1111111111111111111011111111111111111111100000011111111111111111111101111111111111111111
1111111111111111111011111111111101111111100000011111111011111111111101111111111111111111
1111111111111111111111111111111111111111110000111111111111111111111111111111111111111111
1111111111111111111111111111111111100000111111110000011111111111111111111111111111111111
1111111111111111111111111111111111110000111111110000111111111111111111111111111111111111
1111111111111111111111111111111111111111111111111111111111111111111111111111111111111111
1111111111111111111111111111111111111111111111111111111111111111111111111111111111111111
1111110011111100101111111111111111111111111111111111111111111111111111010011111100111111
1111111111111111110111111111111111111111111111111111111111111111111110111111111111111111
1111111111111111111111111111111111111111111111111111111111111111111111111111111111111111
1111111111111111111111111111111111111111111111111111111111111111111111111111111111111111
1111111111111111111111111111111111111111111111111111111111111111111111111111111111111111

1111111000000000000111111111111111111111000110001111111111111111111110000000000001111111
0001100000000000000000000001111111011100110110110011101111111000000000000000000000011000
0000000000000000000000000001110011111111111111111111111100111000000000000000000000000000
0000000000000000000000000001110000111111101111011111110000111000000000000000000000000000
1111100000011000000000001110000000011111001111001111100000000111000000000001100000011111
1110000001111111110000001111000000001110011111100111000000001111000000111111111000000111
1110000011111111110000001111100000001100111111110011000000011111000000111111111100000111
0000000011111111110000001111110000000001111111111000000000111111000000111111111100000000
0000000011111111110000011111111000000111111111111110000001111111100000111111111100000000
1110000011111111110001111101010010011111111111111111100100101011111000111111111100000111
1111000011111111110001111111001111111111111111111111111111001111111000111111111100001111
1111000011111111111111111111111111111111111001111111111111111111111111111111111100001111
1111000011111111111110111111111111111111111001111111111111111111110111111111111100001111
1111000011111111111110011111101111111111110000111111111111011111100111111111111100001111
0000000011111111111100001111011111111111100000011111111111101111000011111111111100000000
0000000011111111111110000000011110000110000000000110000111100000000111111111111100000000
0000000011111111111111000000011110001111000000001111000111100000001111111111111100000000
0000000011111111111111111000001100001111100000011111000011000001111111111111111100000000
0000000111111111111111111100000000000111100000011110000000000011111111111111111110000000
0000001111111111111111111100000000001111110000111111000000000011111111111111111111000000
1111111111011111111101111100011111101111111111111111011111100011111011111111101111111111
1111111111111111111100011000111111111111111111111111111111110001100011111111111111111111
1111111111111111111100000110111111111111111111111111111111110110000011111111111111111111
1101111111111111111110001110111111111111101111011111111111110111000111111111111111111011
0011111111111111111110111111011111111111000000001111111111101111110111111111111111111100
1111111111111111111111111111011111111111000000001111111111101111111111111111111111111111
1111111111111111111111111111111111111110000000000111111111111111111111111111111111111111
1111111111111111111111111111111111111100000110000011111111111111111111111111111111111111
1111111111111111111111111111111111110000111111110000111111111111111111111111111111111111
1111111111111111111111111111011111110011111111111100111111101111111111111111111111111111
1111111110111011011111111111111111111111111111111111111111111111111111101101110111111111
1111110001110001111111111111111111111111111111111111111111111111111111111000111000111111
1111110111111011110111111111111111111111111111111111111111111111111110111101111110111111
1111111111111111111111111111111111111111111111111111111111111111111111111111111111111111
1111111111111111111111111111111111111111111111111111111111111111111111111111111111111111
1111111111111111111111111111111111111111111111111111111111111111111111111111111111111111

1111111011000000000111111111111111111110000110000111111111111111111110000000001101111111
0001000111000000000000110001111110000001111111111000000111111000110000000000001110001000
0000000000000000000000000001111111111111111111111111111111111000000000000000000000000000
1110000000011000000110000101110011111111111111111111111100111010000110000001100000000111
1111000001111000001110001110000000111110011111100111110000000111000111000001111000001111
1111100011111111110100001111000000011100011111100011100000001111000010111111111100011111
0001100011111111110000000111100000000000011111100000000000011110000000111111111100011000
0000100011111111110000001111110000000001111111111000000000111111000000111111111100010000
0000000011111111110000001111110000010111111111111110100000111111000000111111111100000000
0000000011111111111000011100011011111111111111111111111101100011100001111111111100000000
1111000011111111111111111100111111111111111111111111111111110011111111111111111100001111
1110000011111111111111111111111111111111111111111111111111111111111111111111111100000111
1111000011111111111110111111111110111111111001111111110111111111110111111111111100001111
1111000011111111111110011111111111111111111001111111111111111111100111111111111100001111
0000001111111111111110000001111111111111110000111111111111111000000111111111111111000000
0000011111111111111110000001111110111111000000001111110111111000000111111111111111100000
0000011111111111111111000000011110001111000000001111000111100000001111111111111111100000
0000111111111111111111000000011110001111001001001111000111100000001111111111111111110000
0001111111111111111111111000001000001111111111111111000001000001111111111111111111111000
0011111111111111111111111111100000001111111111111111000000011111111111111111111111111100
0011111111111111111110111111111111001111111111111111001111111111110111111111111111111100
1111111111111111111110001110011111001111111111111111001111100111000111111111111111111111
1111111111111111111110000111011111111111111111111111111111101110000111111111111111111111
1111111111111111111110000111111111111111111111111111111111111110000111111111111111111111
0011111111111111111100001111001111111111001111001111111111001111000011111111111111111100
1111111111111111111111111111011111111111000000001111111111101111111111111111111111111111
1111111111111111111111111111111111111110000110000111111111111111111111111111111111111111
1111111111111111111111111101111111111111011111101111111111111011111111111111111111111111
1111111111111111111111111111111111110000111111110000111111111111111111111111111111111111
1111111111111111101111111110011111110011111111111100111111100111111111011111111111111111
1111111110110111111111111011111111111111111111111111111111111101111111111110110111111111
1111111111111111111111111111111111111111111111111111111111111111111111111111111111111111
1111111111110111111111111111111111111111111111111111111111111111111111111110111111111111
1111110011110011111111111111111111111111111111111111111111111111111111111100111100111111
1111111111111111111111111111111111111111111111111111111111111111111111111111111111111111
1111111111111111111111111111111111111111111111111111111111111111111111111111111111111111

0011110011000000000111111111111111111111111111111111111111111111111110000000001100111100
0000000111000000000011111111111000000001111111111000000001111111111100000000001110000000
0000000000000000000000000011111110001111111111111111000111111100000000000000000000000000
1110000000111000000110001111111111111111011111101111111111111111000110000001110000000111
1111000001111111001111001111000011111000111111110001111100001111001111001111111000001111
1111100011111111111110001111000001111000011111100001111000001111000111111111111100011111
1111100011111111110110000111100000000000001111000000000000011110000110111111111100011111
1100100011111111110010000011110000000001110110111000000000111100000100111111111100010011
0000000011111111111100001101110000011111111001111111100000111011000011111111111100000000
0000000011111111111110000000111111111111111001111111111111110000000111111111111100000000
1111111111111111111111010000111111111111111001111111111111110000101111111111111111111111
1111111111111111111110110001111111111111111111111111111111111000110111111111111111111111
1111111111111111111110011011111111011111111001111111101111111101100111111111111111111111
1111001111111111111110000011111111111111111001111111111111111100000111111111111111001111
0000001111111111111110000001111111111111110000111111111111111000000111111111111111000000
0000011111111111111110000011111110111111100000011111110111111100000111111111111111100000
0000011111111111111111000000111110011111000000001111100111110000001111111111111111100000
0000111111111111111110000000111100000111100000011110000011110000000111111111111111110000
0001111111111111111110000000111000000111111111111110000001110000000111111111111111111000
0011111111111111111110001111111000001111111111111111000001111111000111111111111111111100
0011111111111111111110001111110000001111111111111111000000111111000111111111111111111100
1111111111111111111110011111110000001111111111111111000000111111100111111111111111111111
1111111111111111111110011110000111111111111111111111111110000111100111111111111111111111
1111111111111111111110000111110011111111001111001111111100111110000111111111111111111111
1111111111111111111100000111111111111111001111001111111111111110000011111111111111111111
1111111111111111111111111111111111111110011111100111111111111111111111111111111111111111
1111111111111111111111111110111111111111111111111111111111110111111111111111111111111111
1111111111111111111111111100111111111111111111111111111111110011111111111111111111111111
1111111111111111011110000000111111111011111111111101111111110000000111101111111111111111
1111111110011111111110000000001111110011111111111100111111000000000111111111100111111111
1111111110111111111111110011111111111111111111111111111111111100111111111111110111111111
1111111111111111111111111111111111111111111111111111111111111111111111111111111111111111
1111111111111111111111111111111111111111111111111111111111111111111111111111111111111111
1111111100000111111111111111111111111111111111111111111111111111111111111110000011111111
1111111111111111111111111111111111111111111111111111111111111111111111111111111111111111
1111111111111111111111111111111111111111111111111111111111111111111111111111111111111111

0011110011000000001111111111111111111100011001100011111111111111111111000000001100111100
0000000001000000000111111111111110011001111111111001100111111111111110000000001000000000
0000000001110000000000001111111110011111111111111111100111111111000000000000111000000000
1111000011111100000000011111111111100011111111111100011111111111100000000011111100001111
1111100011111111000110001111001111110011111111111100111111001111000110001111111100011111
1111100011111111100110001111000111100000011111100000011110001111000110011111111100011111
1111100011111111101110000011100000000000001111000000000000011100000111011111111100011111
1111000011111111111110000001000000001111110110111111000000001000000111111111111100001111
0000000111111111111100001100000011111111110000111111111100000011000011111111111110000000
0000011111111111111100001100011111111111111001111111111111100011000011111111111111100000
1111111111111111111110010000111111111111111001111111111111110000100111111111111111111111
1111111111111111111110011000111111111111111001111111111111110001100111111111111111111111
1111111111111111111110010001111111111111111001111111111111111000100111111111111111111111
1111111111111111111110000011111111011111111001111111101111111100000111111111111111111111
1111011111111111111110000011111110111111110000111111110111111100000111111111111111101111
0000011111111111111110000011111100111111100000011111110011111100000111111111111111100000
0000011111111111111110000001111100011111100000011111100011111000000111111111111111100000
0000111111111111111110000000111100000111100000011110000011110000000111111111111111110000
0001111111111111111110001111111000000111000110001110000001111111000111111111111111111000
0011111111111111111110001111111000000111111111111110000001111111000111111111111111111100
0011111111111111111111001111111000001111111111111111000001111111001111111111111111111100
0011111111111111111100011111110000001111110110111111000000111111100011111111111111111100
1111111111111111111100011111100001111111100110011111111000011111100011111111111111111111
1111111111111111111000001111110011110111001111001110111100111111000001111111111111111111
1111111111111111111000001111111111111111011111101111111111111111000001111111111111111111
1111111111111111111111111111111111111110111111110111111111111111111111111111111111111111
1111111111111111111111111100111111111111111111111111111111110011111111111111111111111111
1111111111111111101111001000111111111111111111111111111111110001001111011111111111111111
0011111111111111011110000000111111111011111111111101111111110000000111101111111111111100
1111111110011111111111000000001111110011111111111100111111000000001111111111100111111111
1111111110001111111111111101111111111111111111111111111111111011111111111111000111111111
1111111111111111111111111111111111111111111111111111111111111111111111111111111111111111
1111111111111111111111111111111111111111111111111111111111111111111111111111111111111111
1111111110011111111011111111111111111111111111111111111111111111111101111111100111111111
1111111100011111111111111111111111111111111111111111111111111111111111111111100011111111
1111111101111111111111111111111111111111111111111111111111111111111111111111111011111111

0011100011000000000000011111111111111000000000000001111111111111100000000000001100011100
0000000011110000000011111101111100000000001111000000000011111011111100000000111100000000
1110000111111000000000011101110000000000011111100000000000111011100000000001111110000111
1111001111111111000000011111111000100000011111100000010001111111100000001111111111001111
1111101111111111000110001111111001100011011111101100011001111111000110001111111111011111
1111000111111111100110000000000000000001011111101000000000000000000110011111111110001111
1111100111111111101111000000000000000111001111001110000000000000001111011111111110011111
1111000111111111111111001100000000101111100110011111010000000011001111111111111110001111
1101000111111111111110001100000111111111110000111111111110000011000111111111111110001011
0001111111111111111110001100001111111111110000111111111111000011000111111111111111111000
1111111111111111111110011000011111111111111001111111111111100001100111111111111111111111
1111111111111111111110011000001111111111111001111111111111000001100111111111111111111111
0011111111111111111110000000000111111111111001111111111110000000000111111111111111111100
1111111111111111111110000001111111011111111001111111101111111000000111111111111111111111
1111111111111111111110000011111111011111111001111111101111111100000111111111111111111111
0000111111111111111100000111111110011111110000111111100111111110000011111111111111110000
0011111111111111111100000011111111001111110000111111001111111100000011111111111111111100
1111111111111111111100000011111110000001100000011000000111111100000011111111111111111111
0011111111111111111100001111111100000000000000000000000011111111000011111111111111111100
1111111111111111111010000111111000000011100000011100000001111110000101111111111111111111
0011111111111111110011011111110000000011100000011100000000111111101100111111111111111100
0011111111111111110011011111110000000111111111111110000000111111101100111111111111111100
1111111111111111110011000111100000001111111111111111000000011110001100111111111111111111
1111111111111111100000001111110011111111011111101111111100111111000000011111111111111111
1111111111111111110000011111111111111110011111100111111111111111100000111111111111111111
1111111111111111110000111110111111111110011111100111111111110111110000111111111111111111
1111111111111111100011111100111111111011111111111101111111110011111100011111111111111111
1111111111111111000111111000111111111111111111111111111111110001111110001111111111111111
1111111111111111011110000000111111111111111111111111111111110000000111101111111111111111
1111111111000111111111110000011111111111111111111111111111100000111111111110001111111111
1111111111001111111111111111111111111111111111111111111111111111111111111111001111111111
1111111111111111111111111111111111111111111111111111111111111111111111111111111111111111
1111111111111111111011111111111111111111111111111111111111111111111101111111111111111111
1111111111111111111111111111111111111111111111111111111111111111111111111111111111111111
1111111100111111111111111111111111111111111111111111111111111111111111111111110011111111
1111111011111111111111111111111111111111111111111111111111111111111111111111111101111111

1111000000000000000000011110001100111000001111000001110011000111100000000000000000001111
1100000011111000000000001000111000100000000110000000010001110001000000000001111100000011
1110000111111100000000011101100001100000001111000000011000011011100000000011111110000111
1111001111111111000000011011110001100000011111100000011000111101100000001111111111001111
1111001111111111000000001001100000000011011111101100000000011001000000001111111111001111
1111001111111111000110000000000000000000011111100000000000000000000110001111111111001111
1111001111111111111110001000000000001111001111001111000000000001000111111111111111001111
1111100111111111111110001100000000101111000000001111010000000011000111111111111110011111
1111110111111111111110001100000011111111000000001111111100000011000111111111111110111111
1111111111111111111100001100000111111111100000011111111110000011000011111111111111111111
1111111111111111111100111000000011111111111001111111111100000001110011111111111111111111
1111111111111111111110011000000111111111111001111111111110000001100111111111111111111111
0011111111111111111110000000000111101111111111111111011110000000000111111111111111111100
1111111111111111111100000000001111101111111111111111011111000000000011111111111111111111
0011111111111111111100000000011111001111111001111111001111100000000011111111111111111100
0001111111111111111000000111111111001111110000111111001111111110000001111111111111111000
0011111111111111111000000111111111001111000000001111001111111110000001111111111111111100
1111111111111111110000000111111011001111000000001111001101111110000000111111111111111111
1111111111111111110100001111111110000000000000000000000111111111000010111111111111111111
1111111111111111111110001111111000011001100000011001100001111111000111111111111111111111
1111111111110111111111001111110000011111100000011111100000111111001111111110111111111111
0011111111100111000111011111110000011111111111111111100000111111101110001110011111111100
1111111111101111000111000011000000011111011111101111100000001100001110001111011111111111
1111111111111111000000000111100000111110011111100111110000011110000000001111111111111111
1111111111111111110000001111110111111100011111100011111110111111000000111111111111111111
1111111111111111100000011111111111111100011111100011111111111111100000011111111111111111
1111111111111111000001111111111111111111111111111111111111111111111000001111111111111111
1111111111111111111111111000111111111111111111111111111111110001111111111111111111111111
1111101111111111111111110000111111111111111111111111111111110000111111111111111111011111
1111111111100011111111110000111111111111111111111111111111110000111111111100011111111111
1111111111111111111111111101111111111111111111111111111111111011111111111111111111111111
1111111111111111111111111111111111111111111111111111111111111111111111111111111111111111
1111111111111111111111111111111111111111111111111111111111111111111111111111111111111111
1111111110111111111111111111111111110111111111111110111111111111111111111111110111111111
1111111111111100111111111111111111111011111111111101111111111111111111110011111111111111
1111111011111111111111111111111111111111111111111111111111111111111111111111111101111111

1111000010000000000000001000001100111000001111000001110011000001000000000000000100001111
1111000001111110000000000000001001111000110000110001111001000000000000000111111000001111
1111000111111111000111000111111001110000111111110000111001111110001110001111111110001111
1111001111111111000111011111111001100000011111100000011001111111101110001111111111001111
1111001111111111000010001111100000000011011111101100000000011111000100001111111111001111
1111001111111111110000010001000000000000001111000000000000001000100000111111111111001111
1111011111111111111011111000000000001111001111001111000000000001111101111111111111101111
1111111111111111111111111100000000001111000110001111000000000011111111111111111111111111
1111111111111111111111111100000011111111000000001111111100000011111111111111111111111111
1111111111111111111101111100000011111111000000001111111100000011111011111111111111111111
1111111111111111111100111000000001111111110000111111111000000001110011111111111111111111
1111111111111111111100011000000011111111110000111111111100000001100011111111111111111111
1111111111111111111100000000000111100111110000111110011110000000000011111111111111111111
1111111111111111111000000000000111100111000110001110011110000000000001111111111111111111
1111111111111111110000000000001111001111100110011111001111000000000000111111111111111111
0011111111111111110000000000010111001111111111111111001110100000000000111111111111111100
0011111111111111100000000111110011111111110000111111111100111110000000011111111111111100
1111111111111111000000001111111011011110000110000111101101111111000000001111111111111111
1111111111110011000100001111111110001110100000010111000111111111000010001100111111111111
1111111111110001001110001111111000111101100000011011110001111111000111001000111111111111
1111111111100000011111001111110000111111111111111111110000111111001111100000011111111111
0001111111100011001111011111110000111111111111111111110000111111101111001100011111111000
1111111111100111001111001000110000111110111111110111110000110001001111001110011111111111
1111111111000010011000000111010000011110011111100111100000101110000001100100001111111111
1111111111001100000000001111111110011100011111100011100111111111000000000011001111111111
1111111111111100000000011111111111100010011111100100011111111111100000000011111111111111
1111111101111100011111111111111111111111111111111111111111111111111111100011111011111111
1111111111111100111111111100011110111111111111111111110111100011111111110011111111111111
1111111111111111111111111000111111111111111111111111111111110001111111111111111111111111
1111111111110111111111100000111111111111111111111111111111110000011111111110111111111111
1111111111111111111111110001111111111111111111111111111111111000111111111111111111111111
1111111111111111111111111111111111111111111111111111111111111111111111111111111111111111
1111111111111111111111111111111111111111111111111111111111111111111111111111111111111111
1111111111111111111111111111111111110111111111111110111111111111111111111111111111111111
1111111111111111111111111111111111111011111111111101111111111111111111111111111111111111
1111110111111111111111111111111111111101111111111011111111111111111111111111111110111111

1111000010000000110000000000001110111000001111000001110111000000000000110000000100001111
1111100000000111110000000000001001111000110000110001111001000000000000111110000000011111
1111100011111110000111001111111101110000111001110000111011111111001110000111111100011111
1111000111111111000111011111111101100000111111110000011011111111101110001111111110001111
1111001111111111000011001111111000000011101111011100000001111111001100001111111111001111
1111001111111111110000011111111110000000001111000000000111111111100000111111111111001111
1111111111111111111001111100011101101111010110101111011011100011111001111111111111111111
1111111111111111111011111100010001111111011111101111111000100011111101111111111111111111
1111111111111111111011111100000011111111000000001111111100000011111101111111111111111111
1111111111111111111101111100000001111110000000000111111000000011111011111111111111111111
1111111111111111111101111000000001111100110000110011111000000001111011111111111111111111
1111111111111111111100111000000001111001110000111001111000000001110011111111111111111111
1111111111111111111000000000000011110111100000011110111100000000000001111111111111111111
1111111111111111110000000000000011100111000000001110011100000000000000111111111111111111
1111111111111111100000000000000111000111000110001110001110000000000000011111111111111111
1111111111111111000000000000000111000111001111001110001110000000000000001111111111111111
0011111111111111000000000000011111011111111111111111101111100000000000001111111111111100
1111111111110000000000001110111011111111110000111111111101110111000000000000111111111111
1111111111100000001110001111111110111111110110111111110111111111000111000000011111111111
1111111111100000001111001111111000011111111111111111100001111111001111000000011111111111
0011111111100000000111001111110000111110111111110111110000111111001110000000011111111100
0011111111100010000010011111110001111110111111110111111000111111100100000100011111111100
0011111111100111011110011101111000111110111111110111110001111011100111101110011111111100
1111111110000110011100000011011100111100011111100011110011101100000011100110000111111111
1111111110000000000000000111111110111000001111000001110111111110000000000000000111111111
1111111100000000001011111111111110000111011111101110000111111111111101000000000011111111
1111111100011000011111111111111110001111111111111111000111111111111111100001100011111111
1111110001110000111111111100011100111111111111111111110011100011111111110000111000111111
1111111111111000111111110000111111111111111111111111111111110000111111110001111111111111
1111111111110111111111111111111111111111111111111111111111111111111111111110111111111111
1111111111110111111111111111111111111111111111111111111111111111111111111110111111111111
1111111111111111111111111111111111111111111111111111111111111111111111111111111111111111
1111111111111111111111111111111111111111111111111111111111111111111111111111111111111111
1111111111111111111111111111111111110111111111111110111111111111111111111111111111111111
1111111111111111111111111111111111110011111111111100111111111111111111111111111111111111
1111111111111011111111111111111111111101111111111011111111111111111111111101111111111111

0011000110000001110000000000001111111111001111001111111111000000000000111000000110001100
1111000000000011111100000000011111111011110000111101111111100000000011111100000000001111
1111000000111111101111001110111111100000111001110000011111110111001111011111110000001111
1111000011111110001111011111111111100001111111111000011111111111101111000111111100001111
1111001111111111000011101111111111000011100110011100001111111111011100001111111111001111
1111111111111111111000011111111111001111001111001111001111111111100001111111111111111111
1111111111111111111001111001111111111111011111101111111111111001111001111111111111111111
1111111111111111111001111100111111111111111111111111111111110011111001111111111111111111
1111111111111111111001111100000011111111000000001111111100000011111001111111111111111111
1111111111111111111101111100000001111110000000000111111000000011111011111111111111111111
1111111111111111111011111100000000111100000000000011110000000011111101111111111111111111
1111111111111111111011111000000001111101110000111011111000000001111101111111111111111111
1111111111111111110000010000000011111111110110111111111100000000100000111111111111111111
1111111111111111100000000000000001110111000000001110111000000000000000011111111111111111
1111111111111111000000000000000010100111000000001110010100000000000000001111111111111111
1111111111111000000000000000000111000110000110000110001110000000000000000001111111111111
0011111111100000001000000000000111001110001111000111001110000000000001000000011111111100
1111111111000000111000000000110010111110111111110111110100110000000001110000001111111111
1111111111000000111111101111111000111111111111111111110001111111011111110000001111111111
1111111110000000000011101111111000111111111111111111110001111111011100000000000111111111
1111111111100000000011100111110000111100111111110011110000111110011100000000011111111111
1111111111000000000111111101110000111110111111110111110000111011111110000000001111111111
0001111111000000011110011111110001111100111111110011111000111111100111100000001111111000
1111111000000010011110100111111111111100011111100011111111111110010111100100000001111111
1111111000000000001111110111111111111011001111001101111111111110111111000000000001111111
1111111000000000001111111111111110001111001111001111000111111111111111000000000001111111
1111111100000000011111111111111100011111111111111111100011111111111111100000000011111111
1111111000100000111111111111111000111111111111111111110001111111111111110000010001111111
1111110011101010111111111111111101110111111111111110111011111111111111110101011100111111
1111111111110111111111111111111111111111111111111111111111111111111111111110111111111111
1111111111100111111111111111111111111111111111111111111111111111111111111110011111111111
1111111111111111111111111111111111111111111111111111111111111111111111111111111111111111
1111111111111111111111111111111111111111111111111111111111111111111111111111111111111111
1111111111111111111111111111111111111111111111111111111111111111111111111111111111111111
1111111111111111111111111111111100000011111111111100000011111111111111111111111111111111
1111111111111111111111111111111111111001111111111001111111111111111111111111111111111111

0011000111110000110000000000001111111111111111111111111111000000000000110000111110001100
0011100111100001111000000000001111111011110110111101111111000000000001111000011110011100
1111100000011101111110001110111111110000111001110000111111110111000111111011100000011111
1111000001111110001111001111111111100011111111111100011111111111001111000111111000001111
1101111111111111101111001110111111000111100000011110001111110111001111011111111111111011
1111111111111111111111111111111111001111101111011111001111111111111111111111111111111111
1111111111111111111001111101111111111111011111101111111111111011111001111111111111111111
1111111111111111111001111100111111111111111111111111111111110011111001111111111111111111
1111111111111111111001111100011111111111000000001111111111100011111001111111111111111111
1111111111111111111001111100000000111110000000000111110000000011111001111111111111111111
1111111111111111111011111100000000111100000000000011110000000011111101111111111111111111
1111111111111111110011111000000001111100111001110011111000000001111100111111111111111111
1111111111111111000001111000000001111111110110111111111000000001111000001111111111111111
1111111111111110000000000000000001111111100000011111111000000000000000000111111111111111
1111111111110000000110000000000001111111000000001111111000000000000110000000111111111111
1111111111100000000010000000000111000110000110000110001110000000000100000000011111111111
1111111111000000011000000000001111100100011111100010011111000000000001100000001111111111
1111111110000000111101000000110111111110111111110111111110110000001011110000000111111111
1111111110000000111111101100110000111111111111111111110000110011011111110000000111111111
1111111110000000111111101111111000011110111111110111100001111111011111110000000111111111
1110111100001100000001100111111000011111111111111111100001111110011000000011000011110111
1111000000001100000101100011110000111100111111110011110000111100011010000011000000001111
1111100000000000011110000011110011111100111111110011111100111100000111100000000000011111
1111110000000011111110111011110111111000111111110001111110111101110111111100000000111111
1111110000000011111111111111111111111011001111001101111111111111111111111100000000111111
1111111000000000011111111111111111111111100110011111111111111111111111100000000001111111
1111111010000000011111111111111100011111000110001111100011111111111111100000000101111111
1111111111100000011111111111110000111111111111111111110000111111111111100000011111111111
1111110001100011111111111111111001111011111111111101111001111111111111111100011000111111
1111111111100111111111111111111111111111111111111111111111111111111111111110011111111111
1111111111101111111111111111111111111111111111111111111111111111111111111111011111111111
1111111111111111111111111111111111111111111111111111111111111111111111111111111111111111
1111111111111100111111111111111111111111111111111111111111111111111111110011111111111111
1111111111111100001111111111111111111111111111111111111111111111111111000011111111111111
1111111111111111111111111111111100000011111111111100000011111111111111111111111111111111
1111111111111111111111111111111111110001111111111000111111111111111111111111111111111111

0011001111111110110000000000100111110011111111111100111110010000000000110111111111001100
0011101111111101110000000100001111111011110110111101111111000010000000111011111111011100
0011101111111111111100011111111111110000111001110000111111111111100011111111111111011100
1111110001111111001111001111111111110011111111111100111111111111001111001111111000111111
1111111011111111101111000110111111100111001111001110011111110110001111011111111101111111
1111111111111111110111000011111111111111111111111111111111111100001110111111111111111111
1111111111111111111001111101111111111111011001101111111111111011111001111111111111111111
0011111111111111111001111101111111111110000000000111111111111011111001111111111111111100
0011111111111111111001111100011101111110000000000111111011100011111001111111111111111100
1111111111111111110001111100000000111110000000000111110000000011111000111111111111111111
1111111111111111100011111000000000101100000000000011010000000001111100011111111111111111
1111111111111111100011111000000001111100001001000011111000000001111100011111111111111111
1111111111111111000001111000000000111111111111111111110000000001111000001111111111111111
1111111111111110000000110000000001111111110000111111111000000000110000000111111111111111
1111111111100011001110000000000001111111000110001111111000000000000111001100011111111111
1111111110000000001111000000000011111110011111100111111100000000001111000000000111111111
0011111110000000000110000000000011100110011111100110011100000000000110000000000111111100
1111111110000000111101000000001111100111111111111110011111000000001011110000000111111111
1111111000000000111111100000111111001111111111111111001111110000011111110000000001111111
1111110000000000111111101111111100011110111111110111100011111111011111110000000000111111
1111110000001100011111101111111000000000011111100000000001111111011111100011000000111111
1111100000011110001100000011110000000000011111100000000000111100000011000111100000011111
1111100000001100011110000011110001110000111111110000111000111100000111100011000000011111
1111110000001001111111111011110111110000111111110000111110111101111111111001000000111111
1111110000000001111111111111110011111011101111011101111100111111111111111000000000111111
1111111000000000111111111111111111111111100000011111111111111111111111110000000001111111
1111111000000011111111111111111100001111000110001111000011111111111111111100000001111111
1111111111110111111111111111110000011111111111111111100000111111111111111110111111111111
1111111111111111111111111111100000111001111111111001110000011111111111111111111111111111
1111111111101111111111111111111011111111111111111111111101111111111111111111011111111111
1111111111001111111111111111111111111111111111111111111111111111111111111111001111111111
1111111111101111111111111111111111111111111111111111111111111111111111111111011111111111
1111111111111111011111111111111111110111111111111110111111111111111111101111111111111111
1111111111111110111111111111111111111111111111111111111111111111111111110111111111111111
1111111111111111111111111111111111110011111111111100111111111111111111111111111111111111
1111111111111111111111111111111000000001111111111000000001111111111111111111111111111111

0001101111111111100000000001100001100001111111111000011000011000000000011111111111011000
0001101111111111110000000111101111000011111111111100001111011110000000111111111111011000
0011101111111111110000011111101111110011011111101100111111011111100000111111111111011100
1111110001111111001110000011111111110011011111101100111111111100000111001111111000111111
1111111101111111111110000011111111101111111001111111011111111100000111111111111011111111
1111111111111111111111000111111111111111111111111111111111111110001111111111111111111111
1111111111111111111000111111111111111111111001111111111111111111110001111111111111111111
1111111111111111110001111000111111111110000000000111111111110001111000111111111111111111
0011111111111111110001111100011100111110000000000111110011100011111000111111111111111100
0011111111111111110001111100000000111110000000000111110000000011111000111111111111111100
1111111111111111100011111100000000111100000000000011110000000011111100011111111111111111
1111111111111111110011111000000000111100000000000011110000000001111100111111111111111111
1111111111111111111001111000000000111110011001100111110000000001111001111111111111111111
1111111111011111111101111000000000111111110000111111110000000001111011111111101111111111
1111111111111111111110110000000001111011101111011101111000000000110111111111111111111111
1111111110011111111110000000000001111011111111111101111000000000000111111111100111111111
1111111100001111111110000000000001110011111111111100111000000000000111111111000011111111
1111111100000111111111000000000111110011111111111100111110000000001111111110000011111111
1111111000010001111111100000011111001111111001111111001111100000011111111000100001111111
1111110000000000111111101101111111001111000000001111001111111011011111110000000000111111
1111100000001100111111101111111100000010001111000100000011111111011111110011000000011111
1111100000011110011110000111111000000000011111100000000001111110000111100111100000011111
1111100000011100001110110011110001100000011111100000011000111100110111000011100000011111
1111110000011100001111110011110011110000011111100000111100111100111111000011100000111111
1111111000001100000111111111110011110011100000011100111100111111111110000011000001111111
1111111000000000001111111110111111110111100000011110111111110111111111000000000001111111
1111110000000111111111111111111100000111111111111110000011111111111111111110000000111111
1111111111111111111011111111100000011101111111111011100000011111111101111111111111111111
1111111111111111111001111111000000111011111111111101110000001111111001111111111111111111
1111101111111111111111111110000001111111111111111111111000000111111111111111111111011111
1111111111101111111111111111110111110111111111111110111110111111111111111111011111111111
1111111111001111111111111111111111110111111111111110111111111111111111111111001111111111
1111111111001111111111111111111111110111111111111110111111111111111111111111001111111111
1111111111111111111111111111111111110111111111111110111111111111111111111111111111111111
1111111111111111111111111111111111110011111111111100111111111111111111111111111111111111
1111111111111111111111111111111110000000111111110000000111111111111111111111111111111111

0000111111111111110000000001110001000001111111111000001000111000000000111111111111110000
1101111111111111100000001111101110000011111111111100000111011111000000011111111111111011
0011110111111111100000001111011111110011111111111100111111101111000000011111111110111100
0011111011111110000100000000111101110011111111111100111011110000000010000111111101111100
0011111001111111101110000001111111101111111001111111011111111000000111011111111001111100
1111111101111111111110000111111111111111111001111111111111111110000111111111111011111111
1111111111111111110000011111111111111111111001111111111111111111100000111111111111111111
1111111111111111110000111100111100111110000000000111110011110011110000111111111111111111
1111111011111111110000111100011100011110000000000111100011100011110000111111111101111111
0011111111111111100111111100000000111110000000000111110000000011111110011111111111111100
0011111111111111000111111100000000111110000000000111110000000011111110001111111111111100
1111111111111111111011111100000000111110000000000111110000000011111101111111111111111111
1111111111011111111111111000000000110110000000000110110000000001111111111111101111111111
1111111110011111111111111000000000110110000000000110110000000001111111111111100111111111
1111111111111111111111100000000000111011011111101101110000000000011111111111111111111111
1111111111111111111111000000000000111011011111101101110000000000001111111111111111111111
1110110000011111111111000000000001111001111111111001111000000000001111111111100000110111
1110100000111111111110000000000111100011111111111100011110000000000111111111110000010111
1111100000111111111111000000011111001111000000001111001111100000001111111111110000011111
1100000000111111111111100100111110000111000000001110000111110010011111111111110000000011
1110000000011011111111101111111000000000000110000000000001111111011111111101100000000111
1111110000011111111111000111111000000001001111001000000001111110001111111111100000111111
1111110000011111111110101111110001100000011111100000011000111111010111111111100000111111
1111111000111101111111111111110011111100011111100011111100111111111111111011110001111111
1111111000001111000011111011110111111111101111011111111110111101111100001111000001111111
1111111100000000000111111100100111111111100110011111111110010011111110000000000011111111
1111111100000111110001111110000001111111111001111111111000000111111000111110000011111111
1111111111101111111000011111000000001101111111111011000000001111100001111111011111111111
1111111111101111111011111111001100011011111111111101100011001111111101111111011111111111
1111111111111111111111111110011001110011111111111100111001100111111111111111111111111111
1111111111111111111111111111100111110111111111111110111110011111111111111111111111111111
1111111100001111111111111111111111110011111111111100111111111111111111111111000011111111
1111111111011111111111111111111111110111111111111110111111111111111111111111101111111111
1111111111111111111111111111111111110111111111111110111111111111111111111111111111111111
1111111111111111111111111111111111110111111111111110111111111111111111111111111111111111
1111111111111111111111111111111111000001111111111000001111111111111111111111111111111111

1111111111111111111000000011111111000001111111111000001111111100000001111111111111111111
1111111111110011110000001110000011000011111111111100001100000111000000111100111111111111
1111110111110111100000001101111111110011111111111100111111111011000000011110111110111111
0010110111111111001000000000111101110011111111111100111011110000000001001111111110110100
0011111111111111001110000111111001110011110000111100111001111110000111001111111111111100
0011111111111111111110001111111111111111110000111111111111111111000111111111111111111100
1111111111111111110000111111111111111111111001111111111111111111110000111111111111111111
1111111111111111110000111111111100001111100000011111000011111111110000111111111111111111
1111110011111111110011111100011100001110000000000111000011100011111100111111111100111111
1111110011111111000111110000000000111110000000000111110000000000111110001111111100111111
0011111111111110000111111000000000111100000000000011110000000001111110000111111111111100
1111111111111111111111111000000000111100000000000011110000000001111111111111111111111111
1111111110011111111111111000000000110000000000000000110000000001111111111111100111111111
1111111110111111111111110000000000110000000000000000110000000000111111111111110111111111
1111111111111111111111100000000000110000000110000000110000000000011111111111111111111111
0011111111111111111111100000000000111000011111100001110000000000011111111111111111111100
1110110001111111111111100000000001111000011111100001111000000000011111111111111000110111
1111100001111111111111000000000111111100011001100011111110000000001111111111111000011111
1111000001111111111110000000011111101100000000000011011111100000000111111111111000001111
1110000001111111111111100100111000000000000000000000000001110010011111111111111000000111
1100011101111011011111001111111000000000000000000000000001111111001111101101111011100011
1111011100011101111110001111101000000011000000001100000001011111000111111011100011101111
1111101100011111111111001111110000000011111111111100000000111111001111111111100011011111
1111111000111111111111001111110011111100111111110011111100111111001111111111110001111111
1111111100111111111111001111110111111111111111111111111110111111001111111111110011111111
1111111100001111100111000001100111111111111111111111111110011000001110011111000011111111
1111111110000011110000110000000111111111001111001111111110000000110000111100000111111111
1111111100001111111001001100000100000100111111110010000010000011001001111111000011111111
1111111111111111111111011110011110000011111111111100000111100111101111111111111111111111
1111111111111111111111111110111110000111111111111110000111110111111111111111111111111111
1111111111111111111111111110001111100111111111111110011111000111111111111111111111111111
1111111111111111111111111111101111110111111111111110111111011111111111111111111111111111
1111111110011111111111111111111111110111111111111110111111111111111111111111100111111111
1111111110111111111111111111111111110111111111111110111111111111111111111111110111111111
1111111111111111111111111111111111110111111111111110111111111111111111111111111111111111
1111111111111111111111111111111111000011111111111100001111111111111111111111111111111111

1111111111111001111100000111111111000001111111111000001111111110000011111001111111111111
1111111111111111111000001111100111000011111111111100001110011111000001111111111111111111
1111110111110111110000000001111111000011111111111100001111111000000000111110111110111111
0011010011111111001100000001111100110010111111110100110011111000000011001111111100101100
0001111111111110001110000111110001110010111001110100111000111110000111000111111111111000
0011111111111111000010001111101111111111110000111111111111011111000100001111111111111100
0011111111111111110000011111111111111111110000111111111111111111100000111111111111111100
1111110111111111110011111111111100011101110000111011100011111111111100111111111110111111
1111110111111111100111111100000000011100000000000011100000000011111110011111111110111111
1111100011111111000111110000000000111000000000000001110000000000111110001111111100011111
0011110001111110001111110000000000111000000000000001110000000000111111000111111000111100
1111111000011111111111110000000000111100000000000011110000000000111111111111100001111111
1111111000011111111111111000000000111100000000000011110000000001111111111111100001111111
1111111100111111111111111000000000110000000000000000110000000001111111111111110011111111
1111111111111111111111110000000000111000000000000001110000000000111111111111111111111111
1110110001111111111111110000000000011000000000000001100000000000111111111111111000110111
1110110001111111101111100000000001111100000000000011111000000000011111011111111000110111
1111100001111111111111100000001011111100000000000011111101000000011111111111111000011111
1111110001111111111110000000011111111100000000000011111111100000000111111111111000111111
0001111011111111111111000000111100000000000000000000000011110000001111111111111101111000
0000011111111110111111001111111000000000000000000000000001111111001111110111111111100000
0000011111111011111111000111111000000000000000000000000001111110001111111101111111100000
1111101100111111111111001111110000000001111111111000000000111111001111111111110011011111
1111110010111111111111001111110011111101111111111011111100111111001111111111110100111111
1111111101111111111111000011110111111111111111111111111110111100001111111111111011111111
1111111100111111111111111001111111111101111111111011111111111001111111111111110011111111
1111111111000011100111111000001111111111111111111111111111000001111110011100001111111111
1111111111000111111011011111001111110111111111111110111111001111101101111110001111111111
1111111111111111111111011111111110011000111111110001100111111111101111111111111111111111
1111111111111111111111111111111111011111111111111111101111111111111111111111111111111111
1111111111111111111111111110011111101111111111111111011111100111111111111111111111111111
1111111111111111111111111111001111101111111111111111011111001111111111111111111111111111
1111111101111111111111111111111111100111111111111110011111111111111111111111111011111111
1111111000111111111111111111111111100111111111111110011111111111111111111111110001111111
1111111111111111111111111111111111000111111111111110001111111111111111111111111111111111
1111111111111111111111111111011111100011111111111100011111101111111111111111111111111111

1110111111100001111110001111111111000001000000001000001111111111000111111000011111110111
1110111111101111111100001111110111000011001111001100001110111111000011111111011111110111
1111111011101111110000001001111110000011011111101100000111111001000000111111011101111111
1111111011111111101110000011111100100010011111100100010011111100000111011111111101111111
0001011111111111001110000111111011100000011111100000011101111110000111001111111111101000
0011110111111111000110011111100111111111000000001111111110011111100110001111111110111100
0011110111111111100000011111111111111111100000011111111111111111100000011111111110111100
1111110111111111100011111111011100011101100000011011100011101111111100011111111110111111
1111111111111111000111111000000000011100000000000011100000000001111110001111111111111111
1111110111111110000111110000000000111000000000000001110000000000111110000111111110111111
0001110000111100001111110000000000010000000000000000100000000000111111000011110000111000
1111100000000001111111110000000000111000000000000001110000000000111111111000000000011111
1111000000001111111111111000000000110100000000000010110000000001111111111111000000001111
1111100000111111111111110000000000111000000000000001110000000000111111111111110000011111
1111100000111111111111110000000000011000000000000001100000000000111111111111110000011111
1110000001111111111111110000000000011000000000000001100000000000111111111111111000000111
0010000001111111111111110000000000011000000000000001100000000000111111111111111000000100
0011100000111111111111100000011000111000000000000001110001100000011111111111110000011100
0011110000111111111111100000011111111100000000000011111111100000011111111111110000111100
0001110001111111111111100000011111100000000000000000011111100000011111111111111000111000
0000111111111111111111101111111100000000000000000000000011111111011111111111111111110000
0000111111100011111111100111111100000000000000000000000011111110011111111100011111110000
0001110000011111111111100111110000000001111111111000000000111110011111111111100000111000
1101110111111111111111000011110011111101111111111011111100111100001111111111111110111011
1111111111111111111111110011110111111111111111111111111110111100111111111111111111111111
1111111111111111111111111011111111111100111111110011111111111101111111111111111111111111
1111111111110011111111111110001111111111111111111111111111000111111111111100111111111111
1111111111100111110011111111001111111111111111111111111111001111111100111110011111111111
1111111111111111111111111111111110011011111111111101100111111111111111111111111111111111
1111111111111111111111111111111111111001111111111001111111111111111111111111111111111111
1111111111111111111111111111111111111111111111111111111111111111111111111111111111111111
1111111111111111111111111110011111101111110110111111011111100111111111111111111111111111
1111111011111111111111111111011111001111111001111111001111101111111111111111111101111111
1111111000111111111111111111111111000111111111111110001111111111111111111111110001111111
1111111001111111111111111111111111000111111111111110001111111111111111111111111001111111
1111111111111111111111110000100111100011111111111100011110010000111111111111111111111111

1110111111111101111111001111111110011001000000001001100111111111001111111011111111110111
1110111111101111111110001001110111000011000000001100001110111001000111111111011111110111
1110111111101111111000000001111100000011000000001100000011111000000001111111011111110111
0001111111111111111100000111111100000000000000000000000011111110000011111111111111111000
0001011011111111100110000111111111000000000000000000001111111110000110011111111101101000
0011111011111111000110011111111111101111000000001111011111111111100110001111111101111100
0011111111111111100010011111001111111111000000001111111111001111100100011111111111111100
0011111111111111000011101000000001111111000000001111111000000001011100001111111111111100
1110110111111111000011110000000000011000000000000001100000000000111100001111111110110111
1111110111111100000111110000000001111000000000000001111000000000111110000011111110111111
1101100111111100000111110000000000110000000000000000110000000000111110000011111110011011
1111000000110000111111110000000000000000000000000000000000000000111111110000110000001111
1111000000001111111111110000000000111000000000000001110000000000111111111111000000001111
1111100000011111111111110000000000111100000000000011110000000000111111111111100000011111
1111100000011111111111101100000000011100000000000011100000000011011111111111100000011111
0000000000111111111111100000000000011100000000000011100000000000011111111111110000000000
0000000000111111111111110000000001111000000000000001111000000000111111111111110000000000
0000000000011111111111110000001011111000000000000001111101000000111111111111100000000000
0000000000011111111111110000011111111000000000000001111111100000111111111111100000000000
0000000000111111111111110000111111110000000000000000111111110000111111111111110000000000
0000011101101111111111111111111111000000000000000000001111111111111111111111011011100000
0001111111000111111111110111111110000000000000000000000111111110111111111110001111111000
0011111011000011111111110011111000000000111111110000000001111100111111111100001101111100
0011110011011011111111100111110001111001111111111001111000111110011111111101101100111100
1111110011111011111111110111110011111111111111111111111100111110111111111101111100111111
1111111111110011111111111111110111111111111111111111111110111111111111111100111111111111
1111111111111111111111111111001111111111111111111111111111001111111111111111111111111111
1111111111110011100111111110001111111111111111111111111111000111111110011100111111111111
1111111111111111111111111110111110011111111111111111100111110111111111111111111111111111
1111111111111111111111111111111111111111111111111111111111111111111111111111111111111111
1111111111111111111101111111111111110111111111111110111111111111111011111111111111111111
1111111111111111111111111110011111101111111111111111011111100111111111111111111111111111
1111111111111111111111111110011110000111111111111110000111100111111111111111111111111111
1111110001111111111111111111111110000111111001111110000111111111111111111111111000111111
1111111001111111111111111111111000000111111111111110000001111111111111111111111001111111
1111111111111111111111110001100111110001111111111000111110011000111111111111111111111111

1110111011111111111111111111111000111101100000011011110001111111111111111111111101110111
1100111111111111111111001101110000011011000000001101100000111011001111111111111111110011
0000111111111111111100000001111100010011000000001100100011111000000011111111111111110000
0001111111111111111000000111111100000000010000100000000011111110000001111111111111111000
0001011011111111100110000111111100000000000000000000000011111110000110011111111101101000
0011011011111111000110111111111110001010000000000101000111111111110110001111111101101100
0011111111111111000010111110000001111110000000000111111000000111110100001111111111111100
0011111111111111000000011000000011111110000000000111111100000001100000001111111111111100
1111111111111110000001000000000000111100000000000011110000000000001000000111111111111111
1111110111111100000011110000000001111000000000000001111000000000111100000011111110111111
1111110111111110000011110000000000110000000000000000110000000000111100000111111110111111
1111100111111110000000000000000000110000000000000000110000000000000000000111111110011111
1111000000111111111000100000000000111000000000000001110000000000010001111111110000001111
1111100000001111111100110000000000011000000000000001100000000000110011111111000000011111
1111000000001111111110011000000000111100000000000011110000000001100111111111000000001111
1110000000011111111111100000000001111000000000000001111000000000011111111111100000000111
1100000000011111111111110000000011111000000000000001111100000000111111111111100000000011
0000000000001111111111111000001111110000000000000000111111000001111111111111000000000000
0000000000010111111111111000001111111000000000000001111111000001111111111110100000000000
0000000000110110111111111000011111110000000000000000111111100001111111110110110000000000
0000000000110111111111111111111111100000000000000000011111111111111111111110110000000000
0000001101000011111111111111111111100000000000000000011111111111111111111100001011000000
0011111011000011111111110011111100100000011111100000010011111100111111111100001101111100
1111110111100011111111100001111001111001111111111001111001111000011111111100011110111111
1111110011000011111111000111110011111111111111111111111100111110001111111100001100111111
1111111101100011111110111111110111111111111111111111111110111111110111111100011011111111
1111111111111111111100111111001111111101111111111011111111001111110011111111111111111111
1111111111111111100011111111000111111111111111111111111110001111111100011111111111111111
1111111111110111100011111000011110011111111111111111100111100001111100011110111111111111
1111111111111111111111111101111111111111111111111111111111111011111111111111111111111111
1111111111111111111100011111111111111111111111111111111111111111100011111111111111111111
1111111111111111111111111110011100111111111111111111110011100111111111111111111111111111
1111111111111111111111111110111100011111111111111111100011110111111111111111111111111111
1111100001111111111111111111111110000111111001111110000111111111111111111111111000011111
1111111001111111111111110011110000000011110000111100000000111100111111111111111001111111
1111111111111111111111100011100111110000111111110000111110011100011111111111111111111111

1100111001111111111111111111111100111111111111111111110011111111111111111111111001110011
1100011001111111111111101111110000011011001111001101100000111111011111111111111001100011
0000111101111111111111000011110000111010010000100101110000111100001111111111111011110000
0000011111111111111100000111111000011000011001100001100001111110000011111111111111100000
0001111111111111111100000111111100001000001001000001000011111110000011111111111111111000
0001011011111111100110011111111100000000010000100000000011111111100110011111111101101000
0001111011111111000000111110111000111110000000000111110001110111110000001111111101111000
0001111111111111100000000011100011111110000000000111111100011100000000011111111111111000
1111111111111101000000001000000011111110000000000111111100000001000000001011111111111111
1111111111111001000000001000000001111000000000000001111000000001000000001001111111111111
1111110111111110000000000000000000111000000000000001110000000000000000000111111110111111
1111110111111110000000000000000000111000000000000001110000000000000000000111111110111111
1111100011011111110000000000000000111000000000000001110000000000000000111111101100011111
1111000000001111111000000000000000111000000000000001110000000000000001111111000000001111
0000000000001111111100000000000001111000000000000001111000000000000011111111000000000000
1110000000001111111111110000000011110000000000000000111100000000111111111111000000000111
1110000000001111111111111000000111111000000000000001111110000001111111111111000000000111
0000000000000111111111111000001111110000000000000000111111000001111111111110000000000000
0000000000110111111111111000011111110000000000000000111111100001111111111110110000000000
0000000000111110001111111110011111100000000000000000011111100111111111000111110000000000
0000000001111110111111111111111111100000000000000000011111111111111111110111111000000000
0000000001000011111111111111111111100000000000000000011111111111111111111100001000000000
0000000111100011111111100011111111110000001111000000111111111100011111111100011110000000
0011110111111011111111000001111011110001111111111000111101111000001111111101111110111100
1111111111111011111111000001110001111001111111111001111000111000001111111101111111111111
1111111111111111111111000111110111111111111111111111111110111110001111111111111111111111
1111111101111111111111000111100111111111111111111111111110011110001111111111111011111111
1111111111111111111000001111100111111101111111111011111110011111000001111111111111111111
1111111111111111100000000111110001111011111111111101111000111110000000011111111111111111
1111111111111111000001110011111111111111111111111111111111111100111000001111111111111111
1111111111111111111111100111110011111111111111111111111100111110011111111111111111111111
1111111111111111111111111111011011111111111111111111111101101111111111111111111111111111
1111111111111111111111111100111111111111111111111111111111110011111111111111111111111111
1111100011111111111111111011111111111111111111111111111111111101111111111111111100011111
1111111001111111001100000011110100010011110110111100100010111100000011001111111001111111
1111111111111111011111100001000111100000111111110000011110001000011111101111111111111111

1110000001111111111111111111111100111111001111001111110011111111111111111111111000000111
1100000001111111111111110111111000111111001111001111110001111110111111111111111000000011
0000000001111111111111000011110000111111011111101111110000111100001111111111111000000000
0000011111111111111110000111110000011111011111101111100000111110000111111111111111100000
0000111111111111111100011111111000011100011111100011100001111111100011111111111111110000
0001111111111111111000011111111000001100010000100011000001111111100001111111111111111000
0001111011111111110000000000111100001110010110100111000011110000000000111111111101111000
0011111011111111110000000100111111111110000000000111111111110010000000111111111101111100
1111111111111111100000011100000011111110000000000111111100000011100000011111111111111111
1111111111111101000000011000000001111100000000000011111000000001100000001011111111111111
1111110111111100000000010100000000111000000110000001110000000010100000000011111110111111
1111111111111110000000000000000000111000000000000001110000000000000000000111111111111111
0001110111101111000000000000000000111000000000000001110000000000000000001111011110111000
0000000011001111111000000000000000011000000000000001100000000000000001111111001100000000
0000000000001111111100000000000001000000000000000000001000000000000011111111000000000000
0000000000001111111111110000000011110000000000000000111100000000111111111111000000000000
0000000000000111111111111000001111110000000000000000111111000001111111111110000000000000
1100000000000111111111111000001100000000000000000000000011000001111111111110000000000011
1100000000111111100111111000011110000000000000000000000111100001111110011111110000000011
0000000000111111001111111111011111100000000000000000011111101111111111001111110000000000
0000000001111100011111111111111111100000000000000000011111111111111111100011111000000000
0000000011110111011111111111111111100000000000000000011111111111111111101110111100000000
0000000111111111111111100011111111111000000110000001111111111100011111111111111110000000
0001110111111111111111100001111011110001111111111000111101111000011111111111111110111000
0000111111111111111111100001110001110001111111111000111000111000011111111111111111110000
1100111111111111111111100011110011111001111111111001111100111100011111111111111111110011
1111111111111111111111000111100111111011111111111101111110011110001111111111111111111111
1111111111111111111100000111100111111011111111111101111110011110000011111111111111111111
1111111111111111110000000111110000110001111111111000110000111110000000111111111111111111
1111111111111111111100000111110011110001111111111000111100111110000011111111111111111111
1111111111111111111110000011110011100111111111111110011100111100000111111111111111111111
1111111111111111111111111111100011011111111111111111101100011111111111111111111111111111
1111111111111111111111111001110111111111111111111111111110111001111111111111111111111111
1111100011111111111111111011111111111111111111111111111111111101111111111111111100011111
1111111001111111111110000011111111110111111111111110111111111100000111111111111001111111
1111111111111110111111100000000000010011111111111100100000000000011111110111111111111111

1110000000111111111111111111111000111100000000000011110001111111111111111111110000000111
1100000001111111111111110111111000111111000110001111110001111110111111111111111000000011
0000000001111111111111100011111000111111111111111111110001111100011111111111111000000000
0000011111111111111111000111100000111111111111111111110000011110001111111111111111100000
0000111111111111111110011110000000011111111111111111100000000111100111111111111111110000
0000111111111111111000011000000000011111110000111111100000000001100001111111111111110000
0001111111111111111000000110000010011101110110111011100100000110000001111111111111111000
1101011011111111110010001100000111111110000110000111111110000011000100111111111101101011
1110011011111111100111001110000011111110000110000111111100000111001110011111111101100111
1110011011111111000000011100000111111100010000100011111110000011100000001111111101100111
1111111111111100000000000100000011111000010110100001111100000010000000000011111111111111
0001110111111110000000000000000000111000000000000001110000000000000000000111111110111000
0001110111111110000000000000000000110000000000000000110000000000000000000111111110111000
0001000111100111110000000000000000000000000000000000000000000000000000111110011110001000
0011000000000011111000000000000011000000000000000000001100000000000001111100000000001100
0000000000000111111100110000000111100000000000000000011110000000110011111110000000000000
0000000000000011111111111000001111110000000000000000111111000001111111111100000000000000
0000000000000011000011111001001100000000000000000000000011001001111100001100000000000000
0000000000111111000111111011001110000000000000000000000111001101111110001111110000000000
0000000000111110001111111011001110000000000000000000000111001101111111000111110000000000
0000011001111100001111111111101110000000000000000000000111011111111111000011111001100000
0000000010111111111111101111111111000000000000000000001111111111011111111111110100000000
0000011111111111111111100111111111110000000000000000111111111110011111111111111111100000
0001111111111111111111110001111111110000111111110000111111111000111111111111111111111000
0001101111111111111111110001111001110001111111111000111001111000111111111111111111011000
1100011111111111111111110011111000010001111111111000100001111100111111111111111111100011
1111111111111111111111110011010000010001111111111000100000101100111111111111111111111111
1111111111111111111111000111100000010001111111111000100000011110001111111111111111111111
1111111111111111111000000111100000000001111111111000000000011110000001111111111111111111
1111111111111111111100000111110000000000111111110000000000111110000011111111111111111111
1111111111111111111111110111100000000001111111111000000000011110111111111111111111111111
1111111111111111111111111111100110111111111111111111110110011111111111111111111111111111
1111111111111111111111111101100111111111111111111111111110011011111111111111111111111111
1111100111111111111111111001100111111111111111111111111110011001111111111111111110011111
1111111011111111111111111100000001111111111111111111111000000011111111111111111101111111
1111111110111100111111000000000001110111111111111110111000000000001111110011110111111111

1110000110111111111111111111111001011000000000000001101001111111111111111111110110000111
1100000000111111111111111111111000111000000000000001110001111111111111111111110000000011
0000000001111111111111110010111000111111000000001111110001110100111111111111111000000000
0000011101111111111111100111000000011111111001111111100000001110011111111111111011100000
0000111111111111111110000011000000011111111001111111100000001100000111111111111111110000
0000111111111111111111000010000000001111110000111111000000000100001111111111111111110000
0001111111111111111111000110000000001111111111111111000000000110001111111111111111111000
1111011111111111111111100110000000000111111111111110000000000110011111111111111111101111
1111001011111111100111001110000001111100000110000011111000000111001110011111111101001111
1110010011111111000000011100000011111100000000000011111100000011100000001111111100100111
1100010011111110000000000100000111111100010000100011111110000010000000000111111100100011
0001110111111100011111000000000111111000000000000001111110000000001111100011111110111000
0001110111111100011111000000000000100000000000000000010000000000001111100011111110111000
0001100111110011100000000000000001100000000000000000011000000000000000011100111110011000
0011000011000001110000000000000011000000000000000000001100000000000000111000001100001100
1110000000000000111001100000000011100000000000000000011100000000011001110000000000000111
0000000000000000001011110000001111100000000000000000011111000000111101000000000000000000
0000000000000000001111111001101101100000000000000000011011011001111111000000000000000000
0000000000110000000111111011101110000000000000000000000111011101111110000000110000000000
0000001100111000000111110011111110000000000000000000000111111100111110000001110011000000
0000011111111100000111111111111110000000000000000000000111111111111110000011111111100000
0000111110011111111111111111111101000000000000000000001011111111111111111111100111110000
0000111111111111111111101111111101000000000000000000001011111111011111111111111111110000
0011111111111111111111111110111111100000001111000000011111110111111111111111111111111100
1111111111111111111111111001111111110000111111110000111111111001111111111111111111111111
1111100111111111111111111000111111110000111111110000111111110001111111111111111110011111
1111111111111111111111111000001111110001111111111000111111000001111111111111111111111111
1111111111111111111111101110001101110001111111111000111011000111011111111111111111111111
1111111111111111111111111111000000000001111111111000000000001111111111111111111111111111
1111111111111111111111110111000000100000111111110000010000001110111111111111111111111111
1111111111111111111111111111100000000000111111110000000000011111111111111111111111111111
1111111111111111111111111111001111111111111111111111111111001111111111111111111111111111
1111111111111111111111111100001111111111111111111111111111000011111111111111111111111111
1111000111111111111111111000001111111111111111111111111111000001111111111111111110001111
1111110011111111111111111100000001111111110110111111111000000011111111111111111100111111
1111111110011111111111110000000000110111111111111110110000000000111111111111100111111111

0000000111111111111111111110000111101000000000000001011110000111111111111111111110000000
0000000000111111111111111111111001111100000000000011111001111111111111111111110000000000
0000000000111111111111111011111001111100000000000011111001111101111111111111110000000000
0000100001111111111111110011000000011100000000000011100000001100111111111111111000010000
0000111111111111111111000011000000011110111001110111100000001100001111111111111111110000
0000111111111111111111000011000000001111111001111111000000001100001111111111111111110000
0001111111111111111111000110000000000111110110111110000000000110001111111111111111111000
1111111111111111111111100110000000000000111111110000000000000110011111111111111111111111
1111011011111111111111100110000000000000000000000000000000000110011111111111111101101111
1110011011111111100000000110000000111000000000000001110000000110000000011111111101100111
0011111011111111010000000110000111111100000000000011111110000110000000101111111101111100
0011110011111110011111000111101111111000000000000001111111011110001111100111111100111100
0011110111111100001111000111111111110000000000000000111111111110001111000011111110111100
0001100111111111000000000111011111110000000110000000111111101110000000001111111110011000
0011000111100001110000000000011011100000000000000000011101100000000000111000011110001100
1110000000000000010000000000110001100000000000000000011000110000000000100000000000000111
1100000000000000000000000001110001000000000000000000001000111000000000000000000000000011
0000000000000000001011110001110111000000000000000000001110111000111101000000000000000000
0000000000000000001011111001111110000000000000000000000111111001111101000000000000000000
0000011110110000000111110011111111000000000000000000001111111100111110000000110111100000
0000111110111000111111110001111111000000000000000000001111111000111111110001110111110000
0000111110011111111111111110111101000000000000000000001011110111111111111111100111110000
0001111100011111111111111110111101000000000000000000001011110111111111111111100011111000
0011111111110111111111111110111111100000000110000000011111110111111111111110111111111100
1111111111110111111111111000111111110000001111000000111111110001111111111110111111111111
1111100111111011111111111000111111110000011111100000111111110001111111111101111110011111
1111111111111011111111111000001111110000111111110000111111000001111111111101111111111111
1111111111111111111111111000001101110000111111110000111011000001111111111111111111111111
1111111111111111111111111000000000000000111111110000000000000001111111111111111111111111
1111111111111111111111111101000001100000111111110000011000001011111111111111111111111111
1111111111111111111111111101100011110000011111100000111100011011111111111111111111111111
1111111111111111111111111111110111111111011111101111111110111111111111111111111111111111
1101111111111111111111111110001111111111111001111111111111000111111111111111111111111011
1111001111111111111111111100011111111111111111111111111111100011111111111111111111001111
1111110111111111111111111110111111111111110000111111111111110111111111111111111110111111
1111111100111111111111111111111111110111111111111110111111111111111111111111110011111111

0000000111111111111111111110000011111000000000000001111100000111111111111111111110000000
0000000000111111111111111111000011111100000000000011111100001111111111111111110000000000
0000000000111111111111111111100011110100000000000010111100011111111111111111110000000000
0000100000111111111111111001100001111000000000000001111000011001111111111111110000010000
0000111101111111111111110000000000011000011001100001100000000000111111111111111011110000
0000111111111111111111000010000000011111111111111111100000000100001111111111111111110000
0011111111111111111111000011000000001101111111111011000000001100001111111111111111111100
1111111111111111111111000010000000000000001111000000000000000100001111111111111111111111
0011111001111111111111000100000000000000000000000000000000000010001111111111111001111100
1111011011111111100001000100000000001000000110000001000000000010001000011111111101101111
1111111011111111111100000111100011111100000000000011111100011110000011111111111101111111
0011111011111111011111001111111111111000000000000001111111111111001111101111111101111100
0001110011111100001111001111111111111000000110000001111111111111001111000011111100111000
0001100111111110000000001111111111110000001111000000111111111111000000000111111110011000
0011000111110100000000000000111111110000001111000000111111110000000000000010111110001100
1110001111100000000000000000111111100000000110000000011111110000000000000000011111000111
1110000000000000000000000000111111000000000000000000001111110000000000000000000000000111
0000000000000000100000110001111111000000000000000000001111111000110000010000000000000000
0000000000000000110011111001111110000000000000000000000111111001111100110000000000000000
0000011110000000011111111001111111000000000000000000001111111001111111100000000111100000
0000111110000011111111110001111111000000000000000000001111111000111111111100000111110000
0001111110000111111111111110111111000000000000000000001111110111111111111110000111111000
0001111000111111111111111110111111000000000000000000001111110111111111111111110001111000
0011111000011111111111111110111111100000000110000000011111110111111111111111100001111100
1111111111110111111111111000111111110000001111000000111111110001111111111110111111111111
1111110111110011111111111000011111111000001111000001111111100001111111111100111110111111
1111111111110011111111111000011111110000011111100000111111100001111111111100111111111111
1111111111111101111111011011001111110010011111100100111111001101101111111011111111111111
1111111111111111111111111111100011110111011111101110111100011111111111111111111111111111
1111111111111111111111111111100011110011111111111100111100011111111111111111111111111111
1111111111111111111111111111111111111000001111000001111111111111111111111111111111111111
1111111111111111111111111111111111111111100000011111111111111111111111111111111111111111
1111111111111111111111111111111111111111111001111111111111111111111111111111111111111111
1111111111111111111111111101111111111111111001111111111111111011111111111111111111111111
1111110011111111111111111111111111111111110000111111111111111111111111111111111100111111
1111111101111111111111111111111111111111110110111111111111111111111111111111111011111111

0000000111111111111111111110000001111000000000000001111000000111111111111111111110000000
0000000000111111111111111110000001111100000000000011111000000111111111111111110000000000
0000000000111111111111111110000011111100000000000011111100000111111111111111110000000000
0000000000111111111111111100000001111111000000001111111000000011111111111111110000000000
0000000000111111111111111000000000010011000000001100100000000001111111111111110000000000
0000000101111111111111100000000000011011111111111101100000000000011111111111111010000000
0001111111111111111111000000000000001001111111111001000000000000001111111111111111111000
0011111001111111111111000000000000000000001111000000000000000000001111111111111001111100
0001110001111111111111000000000000000000000110000000000000000000001111111111111000111000
0011010001111111110010000000000000000000001111000000000000000000000100111111111000101100
1111111011111111111110000010000000010000000110000000100000000100000111111111111101111111
1101111011111111011111101111110111111000000000000001111110111111011111101111111101111011
0001110011111110011111001111111111111000001111000001111111111111001111100111111100111000
0001110111111100000110001111101111110000001111000000111111011111000110000011111110111000
0011011111110000000000000000011111110000011111100000111111100000000000000000111111101100
0011111111100001100011100000011111100000001111000000011111100000011100011000011111111100
1100001100000001110011000000111111100000001111000000011111110000001100111000000011000011
1100000000000001110010000000111111000000000110000000001111110000000100111000000000000011
0000000000000001110011110000111111000000000000000000001111110000111100111000000000000000
0000001110000000011111111000111110000000000110000000000111110001111111100000000111000000
0000111111110011111111111000011111000000000110000000001111100001111111111100111111110000
0001111111111011111111111110111111000000000000000000001111110111111111111101111111111000
0000111000111111111111111110111110000000000000000000000111110111111111111111110001110000
0001111100011111111111111110111111100000000000000000011111110111111111111111100011111000
0011111100111111111111111110011111110000001111000000111111100111111111111111110011111100
1111111111111001111111100000011111110000000110000000111111100000011111111001111111111111
1111111111110001111110000111111111110010000000000100111111111110000111111000111111111111
1111111111111111111110001111111111111111100000011111111111111111000111111111111111111111
1111111111111111111111111111111111111111111001111111111111111111111111111111111111111111
1111111111111111111111111111111111111111111001111111111111111111111111111111111111111111
1111111111111111111111111111111111110011110000111100111111111111111111111111111111111111
1111111111111111111111111111111111111111111001111111111111111111111111111111111111111111
1111111111111111111111111111111111111111111111111111111111111111111111111111111111111111
1111111111111011111111000000111111111111111111111111111111110000001111111101111111111111
1111111111111111111111000001111111111111111001111111111111111000001111111111111111111111
1111111000111111111111111111111111111111000000001111111111111111111111111111110001111111
